   (1.304049091E-09,3.958574787E-11)  (2.061800478E-04,-2.149364809E-05)             (0.00000000,0.00000000)             (0.00000000,0.00000000)
  (4.495010475E-10,-6.564179755E-12)  (2.169153740E-04,-2.385802145E-05)             (0.00000000,0.00000000)             (0.00000000,0.00000000)
   (6.499972227E-10,2.840326759E-11)  (2.347719710E-04,-2.810655496E-05)             (0.00000000,0.00000000)             (0.00000000,0.00000000)
  (-7.769611343E-11,8.451808697E-12)  (2.626810747E-04,-3.559497782E-05)             (0.00000000,0.00000000)             (0.00000000,0.00000000)
  (-2.208413452E-10,5.716155327E-11)  (3.088847152E-04,-5.037428855E-05)             (0.00000000,0.00000000)             (0.00000000,0.00000000)
  (5.396745828E-10,-3.442543126E-11)  (3.932249092E-04,-8.559933485E-05)             (0.00000000,0.00000000)             (0.00000000,0.00000000)
  (9.534668610E-10,-3.400053572E-10)  (5.820241640E-04,-2.126406762E-04)             (0.00000000,0.00000000)             (0.00000000,0.00000000)
  (1.402576499E-09,-8.913338956E-10)  (7.893925649E-04,-1.123363501E-03)             (0.00000000,0.00000000)             (0.00000000,0.00000000)
 (-8.990813094E-10,-1.259261473E-09) (-7.101383526E-04,-5.091508501E-04)             (0.00000000,0.00000000)             (0.00000000,0.00000000)
 (-7.233259547E-10,-3.801285398E-10) (-3.516243305E-04,-1.061198491E-04)             (0.00000000,0.00000000)             (0.00000000,0.00000000)
 (-3.860518571E-10,-3.679873350E-10) (-2.005090355E-04,-4.191160406E-05)             (0.00000000,0.00000000)             (0.00000000,0.00000000)
 (-3.440474572E-10,-3.968647633E-10) (-1.281511068E-04,-2.328441224E-05)             (0.00000000,0.00000000)             (0.00000000,0.00000000)
 (-1.769728253E-10,-3.994609366E-10) (-8.553028601E-05,-1.573184090E-05)             (0.00000000,0.00000000)             (0.00000000,0.00000000)
 (-2.224268270E-10,-4.652247476E-10) (-5.689060708E-05,-1.214431904E-05)             (0.00000000,0.00000000)             (0.00000000,0.00000000)
 (-1.912400516E-10,-6.450907586E-10) (-3.684042895E-05,-1.044124747E-05)             (0.00000000,0.00000000)             (0.00000000,0.00000000)
  (2.044559660E-10,-9.182512528E-10) (-2.149665488E-05,-9.696986126E-06)             (0.00000000,0.00000000)             (0.00000000,0.00000000)
  (4.726989911E-10,-1.509468883E-09) (-9.068586223E-06,-9.570872862E-06)             (0.00000000,0.00000000)             (0.00000000,0.00000000)
  (5.676376036E-11,-2.656208142E-09)  (1.764039780E-06,-9.946777936E-06)             (0.00000000,0.00000000)             (0.00000000,0.00000000)
 (-2.004322486E-09,-4.009931498E-09)  (1.133745263E-05,-1.080666425E-05)             (0.00000000,0.00000000)             (0.00000000,0.00000000)
 (-3.488841216E-09,-1.952718653E-09)  (2.051435695E-05,-1.226282984E-05)             (0.00000000,0.00000000)             (0.00000000,0.00000000)
 (-2.971563218E-09,-1.322765009E-09)  (3.007821215E-05,-1.464831985E-05)             (0.00000000,0.00000000)             (0.00000000,0.00000000)
 (-2.476490790E-09,-1.200794686E-09)  (4.031125354E-05,-1.843633436E-05)             (0.00000000,0.00000000)             (0.00000000,0.00000000)
 (-2.089363571E-09,-1.724592469E-09)  (5.222633627E-05,-2.487759957E-05)             (0.00000000,0.00000000)             (0.00000000,0.00000000)
 (-1.565488850E-09,-3.183862285E-09)  (6.675429177E-05,-3.680001464E-05)             (0.00000000,0.00000000)             (0.00000000,0.00000000)
 (-2.455767811E-09,-7.955168968E-09)  (8.378253551E-05,-6.213769666E-05)             (0.00000000,0.00000000)             (0.00000000,0.00000000)
 (-1.395530624E-08,-1.239318070E-08)  (8.869336307E-05,-1.164691203E-04)             (0.00000000,0.00000000)             (0.00000000,0.00000000)
  (-2.408162914E-08,3.749559330E-09)  (1.792315015E-05,-1.823573111E-04)             (0.00000000,0.00000000)             (0.00000000,0.00000000)
  (-1.276724593E-08,1.355756840E-08) (-7.569728768E-05,-1.316425041E-04)             (0.00000000,0.00000000)             (0.00000000,0.00000000)
  (-6.658858798E-09,1.070677502E-08) (-7.749478391E-05,-6.491928070E-05)             (0.00000000,0.00000000)             (0.00000000,0.00000000)
  (-6.082235160E-09,8.552864195E-09) (-5.904729915E-05,-3.565601583E-05)             (0.00000000,0.00000000)             (0.00000000,0.00000000)
