SQUARE PLATE UNDER TIME-HARMONIC TRACTION (4 QUADRATIC ELEMENTS)
 24,5,3,76923076923.1,0.05,7850.0,0.30
 10.0 40.0 70.0
 0.0  0.0 6.0  0.0 6.0  6.0 0.0  6.0 1.0  0.0 2.0  0.0 3.0  0.0 4.0  0.0 5.0  0.0 0.5  0.0 1.5  0.0 2.5  0.0 3.5  0.0 4.5  0.0 5.5  0.0 6.0  1.0 6.0  2.0 6.0  3.0 6.0  4.0 6.0  5.0 6.0  0.5 6.0  1.5 6.0  2.5 6.0  3.5 6.0  4.5 6.0  5.5 5.0  6.0 4.0  6.0 3.0  6.0 2.0  6.0 1.0  6.0 5.5  6.0 4.5  6.0 3.5  6.0 2.5  6.0 1.5  6.0 0.5  6.0 0.0  5.0 0.0  4.0 0.0  3.0 0.0  2.0 0.0  1.0 0.0  5.5 0.0  4.5 0.0  3.5 0.0  2.5 0.0  1.5 0.0  0.5
 1 (0.0,0.0)   1 (0.0,0.0)   1 (0.0,0.0)
 0 (0.0,0.0)   0 (0.0,0.0)   0 (0.0,0.0)
 1 (0.0,0.0)   1 (0.0,0.0)   1 (0.0,0.0)
 0 (0.0,0.0)   0 (0.0,0.0)   0 (0.0,0.0)
 1 (0.0,0.0)   1 (0.0,0.0)   1 (0.0,0.0)
 0 (0.0,0.0)   0 (0.0,0.0)   0 (0.0,0.0)
 1 (0.0,0.0)   1 (0.0,0.0)   1 (0.0,0.0)
 0 (0.0,0.0)   0 (0.0,0.0)   0 (0.0,0.0)
 1 (0.0,0.0)   1 (0.0,0.0)   1 (0.0,0.0)
 0 (0.0,0.0)   0 (0.0,0.0)   0 (0.0,0.0)
 1 (0.0,0.0)   1 (0.0,0.0)   1 (0.0,0.0)
 0 (0.0,0.0)   0 (0.0,0.0)   0 (0.0,0.0)
 0 (0.0,0.0)   0 (0.0,0.0)   0 (0.0,0.0)
 1 (0.0,0.0)   1 (0.0,0.0)   1 (0.0,0.0)
 0 (0.0,0.0)   0 (0.0,0.0)   0 (0.0,0.0)
 1 (0.0,0.0)   1 (0.0,0.0)   1 (0.0,0.0)
 0 (0.0,0.0)   0 (0.0,0.0)   0 (0.0,0.0)
 1 (0.0,0.0)   1 (0.0,0.0)   1 (0.0,0.0)
 0 (0.0,0.0)   0 (0.0,0.0)   0 (0.0,0.0)
 1 (0.0,0.0)   1 (0.0,0.0)   1 (0.0,0.0)
 0 (0.0,0.0)   0 (0.0,0.0)   0 (0.0,0.0)
 1 (0.0,0.0)   1 (0.0,0.0)   1 (0.0,0.0)
 0 (0.0,0.0)   0 (0.0,0.0)   0 (0.0,0.0)
 1 (0.0,0.0)   1 (0.0,0.0)   1 (0.0,0.0)
 1 (0.0,0.0)   1 (0.0,0.0)   1 (0.0,0.0)
 1 (100.0,0.0)   1 (100.0,0.0)   1 (100.0,0.0)
 1 (0.0,0.0)   1 (0.0,0.0)   1 (0.0,0.0)
 1 (100.0,0.0)   1 (100.0,0.0)   1 (100.0,0.0)
 1 (0.0,0.0)   1 (0.0,0.0)   1 (0.0,0.0)
 1 (100.0,0.0)   1 (100.0,0.0)   1 (100.0,0.0)
 1 (0.0,0.0)   1 (0.0,0.0)   1 (0.0,0.0)
 1 (100.0,0.0)   1 (100.0,0.0)   1 (100.0,0.0)
 1 (0.0,0.0)   1 (0.0,0.0)   1 (0.0,0.0)
 1 (100.0,0.0)   1 (100.0,0.0)   1 (100.0,0.0)
 1 (0.0,0.0)   1 (0.0,0.0)   1 (0.0,0.0)
 1 (100.0,0.0)   1 (100.0,0.0)   1 (100.0,0.0)
 0 (0.0,0.0)   0 (0.0,0.0)   0 (0.0,0.0)
 1 (0.0,0.0)   1 (0.0,0.0)   1 (0.0,0.0)
 0 (0.0,0.0)   0 (0.0,0.0)   0 (0.0,0.0)
 1 (0.0,0.0)   1 (0.0,0.0)   1 (0.0,0.0)
 0 (0.0,0.0)   0 (0.0,0.0)   0 (0.0,0.0)
 1 (0.0,0.0)   1 (0.0,0.0)   1 (0.0,0.0)
 0 (0.0,0.0)   0 (0.0,0.0)   0 (0.0,0.0)
 1 (0.0,0.0)   1 (0.0,0.0)   1 (0.0,0.0)
 0 (0.0,0.0)   0 (0.0,0.0)   0 (0.0,0.0)
 1 (0.0,0.0)   1 (0.0,0.0)   1 (0.0,0.0)
 0 (0.0,0.0)   0 (0.0,0.0)   0 (0.0,0.0)
 1 (0.0,0.0)   1 (0.0,0.0)   1 (0.0,0.0)
 3.0  1.0 3.0  2.0 3.0  3.0 3.0  4.0 3.0  5.0
 18
